4
1 2 6 5
2 3 3 4
3 4 5 2
4 1 3 3

5
1 2 6 5
2 3 3 4
3 4 5 2
4 1 3 3

4
1 2 1 10
2 3 3 3
2 4 3 2
3 4 3 1
3 4 2 1

6
1 2 1 10
2 3 3 3
2 4 3 2
3 4 3 1
3 4 2 1
6 5 2 1

4
1 2 100 50
1 3 1 4
2 3 1 5
2 4 1000 2

50
1 2 24629 94634
2 3 25134 221
3 4 57211 66394
4 5 48530 17450
5 6 52298 51038
6 7 17761 75039
7 8 78048 96287
8 9 71890 90365
9 10 65451 88013
10 11 44898 84928
11 12 30975 88560
12 13 41908 37947
13 14 54179 92364
14 15 54073 91697
15 16 1990 65807
16 17 82219 24045
17 18 35055 15227
18 19 96051 25055
19 20 70674 12619
20 21 92554 62644
21 22 19742 66691
22 23 94877 44624
23 24 91091 46168
24 25 95945 38411
25 26 73457 31929
26 27 96998 72901
27 28 85707 35897
28 29 86241 48935
29 30 76219 74554
30 31 45121 53880
31 32 33263 53944
32 33 45130 53304
33 34 88257 80431
34 35 63104 57629
35 36 40196 51721
36 37 50467 29479
37 38 32090 82760
38 39 14585 65698
39 40 3074 69069
40 41 58058 42200
41 42 2415 71874
42 43 12677 67952
43 44 73876 78794
44 45 99071 33383
45 46 98524 44579
46 47 44955 32329
47 48 99446 53077
48 49 1669 43692
49 50 73965 15162

43
14 18 20 72519
35 43 50 19111
3 41 10 62838
28 42 76 20208
27 39 39 31671
8 6 37 50620
1 7 39 42220
42 34 2 6714
12 22 67 57541
25 42 17 32965
21 34 56 59800
24 21 10 38947
35 25 6 17479
11 3 3 53282
7 9 6 56639
2 12 84 36507
33 23 71 35765
2 9 98 95697
6 12 17 6248
26 1 8 36752
28 6 29 54660
6 38 60 98224
30 2 90 50427
39 32 14 10160
8 7 41 77803
18 10 2 76253
20 2 10 47420
12 17 36 93163
29 24 71 93601
8 6 15 59000
32 7 87 83444
37 27 30 26861
36 5 81 66683
7 5 4 20958
40 33 100 31143
22 1 32 6887
41 13 94 13010
31 22 85 25486
11 31 65 2590
5 36 34 42454
2 30 50 43187
34 20 7 97377
16 22 38 40043
21 19 40 95517
4 25 63 80583
1 29 60 794
10 30 85 41775
15 23 46 97767
42 19 43 18061
7 23 29 34616

37
15 8 46712 70592
7 19 70207 42490
14 18 72024 89834
31 14 23440 39901
25 37 14326 21005
19 29 16274 86893
22 9 62453 15250
19 35 89676 42909
27 28 22990 76905
15 11 61557 92237
25 3 41545 7855
34 4 33911 75622
32 10 78986 21024
16 25 3034 77944
10 34 54889 68927
31 1 8646 38584
15 5 35814 58489
19 10 4304 31338
17 36 83013 29836
32 19 91018 81174
34 33 50612 36443
18 23 17455 53864
35 15 48939 83977
23 9 57187 94987
30 18 37227 15164
32 7 36373 5935
2 9 19264 87227
5 25 85695 7171
7 28 75617 51920
20 23 70081 78939
32 24 88524 18439
11 28 363 44906
10 35 96652 26412
27 7 79505 38569
31 34 81141 94801
22 23 76918 43438
34 2 72036 40997
29 19 8964 38837
9 19 28097 13565
28 20 38608 76282
16 13 93790 7790
3 10 2136 11132
18 4 75030 26192
30 36 65702 63772
21 33 89873 52828
1 12 2796 68987
26 33 48732 31919
2 9 24134 34175
6 3 40260 49549
20 27 5549 87048